Total # of reads								53367	12621	37433	43987	234080	13654	58138	10452	11326
domain	phylum	class	order	family	genus	species	groups	S37_R_S239	S56_S_S264	S57_R_S268	S65_R_S281	S71_R_S297	S71_S_S296	S73_S_S299	S78_S_S310	S80_S_S316
							009db2338fcee4823407f8c0bbc778b9	0.000000	0.000000	0.000361	0.000000	0.000000	0.000000	0.000000	0.000000	0.000000
							0320cbf27ad470a2594e9adcd35bfa13	0.000000	0.000000	0.000632	0.000000	0.000000	0.000000	0.000000	0.000000	0.000000
							03d529754f5945488cb32feece6254a1	0.000000	0.000000	0.000136	0.000000	0.000000	0.000000	0.000000	0.000000	0.000000
							0484b8525d13f34cfec20d6c43224758	0.002276	0.000000	0.002673	0.000000	0.000000	0.000000	0.000000	0.000000	0.000000
							06336884e9e89b6df07b04cbd0dea36e	0.000829	0.002257	0.000505	0.000000	0.000159	0.004381	0.001148	0.000000	0.001695
							0741eec0f6c3a4e861e7721680e97260	0.000000	0.000000	0.000000	0.003505	0.000000	0.000000	0.000000	0.000000	0.000000
							07de0747cf7d6c72a359d310d0584123	0.000000	0.000000	0.000000	0.000000	0.000000	0.000000	0.000370	0.000000	0.000000
							0e1f7d8370e424088c89f18447d93972	0.008010	0.065907	0.024071	0.007405	0.036664	0.183680	0.067471	0.016822	0.181820
							0e7d40feb31da12b414d25014681ee53	0.000000	0.000000	0.000000	0.000706	0.001594	0.000000	0.000000	0.003347	0.000000
							10000b59124571a5766f3c51f73c88c8	0.000000	0.000000	0.000000	0.001730	0.000000	0.000000	0.000000	0.000000	0.000000
							1197bb939454ed4bd13544d58340d5c6	0.000000	0.000000	0.000000	0.000000	0.000000	0.000000	0.000161	0.000000	0.000000
							11ccbb0fffd4a5b3b9ee658a52b5da58	0.000000	0.000000	0.000000	0.000000	0.000000	0.000000	0.000097	0.000000	0.000000
							14d91ee77dce2d2f893436fefa9c4fcd	0.005196	0.000000	0.000000	0.000000	0.000000	0.000000	0.000000	0.000000	0.000000
							189dea5f2c54781705f94d57a6daca6f	0.000000	0.000000	0.000000	0.000000	0.000000	0.000416	0.000000	0.000000	0.000000
							191f1965e5523320e8df2b1ec42e6df8	0.000396	0.004490	0.005554	0.002236	0.658330	0.176860	0.081742	0.016168	0.012623
							1a28f9c8b3bccdc48eccc088d1b6b33a	0.000000	0.000000	0.000000	0.001087	0.000000	0.000000	0.000000	0.000000	0.000000
							1a5819823528bd0ecbac6e0755c91768	0.000000	0.000000	0.000000	0.000000	0.000484	0.000000	0.000000	0.000000	0.000000
							1c6646acfd7142df85b4729bd5b569b0	0.000140	0.009667	0.000352	0.012401	0.000054	0.003081	0.003462	0.006679	0.011022
							1e13005b95b940b5b2e281042e608480	0.000000	0.003899	0.005285	0.075151	0.000000	0.001782	0.000000	0.000954	0.000000
							1e44d435311e79debeea9411e58c7396	0.000001	0.000001	0.000000	0.000000	0.000000	0.000000	0.000002	0.000000	0.000000
							23aa14ef1e74583a1a31198228a95039	0.004814	0.004851	0.000000	0.003705	0.000159	0.020046	0.029065	0.005915	0.010035
							25ac598f773214e56e09e41f660a8b46	0.004203	0.002782	0.019448	0.008120	0.000000	0.000000	0.000000	0.000000	0.001563
							25e358052c820748f064fc6697fd8d0f	0.000187	0.006230	0.000108	0.000222	0.000000	0.000000	0.001245	0.010559	0.001974
							27183fbf30c90882c4ca0d913626196f	0.496490	0.006085	0.000000	0.000685	0.000287	0.007796	0.002003	0.000000	0.000000
							278cab3878f2d74a843f3a5fa0fb7d2e	0.000000	0.000000	0.039843	0.000000	0.000000	0.000000	0.000000	0.000000	0.000000
							27beca3004a3173916b1d212e65f0342	0.000000	0.000000	0.006392	0.000000	0.000000	0.000000	0.000000	0.000000	0.000000
							27f3e7f809989943e30f9217c2d32715	0.000000	0.005993	0.000000	0.000000	0.000091	0.002821	0.006795	0.003053	0.004277
							2923009ae589a325aeecce8dc59128b2	0.000000	0.000000	0.001065	0.001198	0.000000	0.000000	0.000000	0.000000	0.001069
							2bbf79289127f752b054934e868645fc	0.000000	0.000000	0.000000	0.000000	0.000000	0.000000	0.000000	0.000000	0.000000
							2dfc48a0b85b87d1ace6f1c8da35d1ea	0.000000	0.000000	0.000000	0.000000	0.000000	0.000000	0.000000	0.000891	0.000000
							2f2316f1e4397215ffe76d3647f09793	0.000187	0.000000	0.003913	0.000000	0.000000	0.000000	0.000000	0.000000	0.000000
							2f7f36cce963c94a7741165225325606	0.000373	0.001187	0.000000	0.000000	0.000000	0.000000	0.000749	0.000000	0.000000
							2faf6b8b870a6b52e2b76719ad43b3c0	0.000713	0.014097	0.000477	0.001988	0.000132	0.003029	0.019748	0.022975	0.015925
							31f05d8427ad81d82833b2d871684f1f	0.000000	0.000000	0.000000	0.000000	0.000000	0.000000	0.000000	0.000572	0.000219
							3592d5ed83c8649d9b70af2d7ee37885	0.002837	0.000000	0.000000	0.004237	0.000000	0.000000	0.000000	0.000000	0.000000
							361a585176ceb173387d4268bb6c1cd6	0.000000	0.000000	0.000397	0.000000	0.000140	0.013566	0.001901	0.001781	0.000000
							36884c63486fc47de1163b020ccbbda5	0.000000	0.001427	0.030180	0.000000	0.000000	0.000000	0.000000	0.000000	0.000000
							36beaae0a19d70b9e82d843936f50509	0.000000	0.000000	0.000000	0.007188	0.000000	0.000000	0.000000	0.000000	0.000000
							378fe7114cc6889466235d0ce4da34e5	0.000000	0.000000	0.000000	0.000000	0.000028	0.000000	0.000000	0.000000	0.000000
							379d61046071f7bc9bbf51dedaeee4a2	0.000000	0.000000	0.000000	0.000000	0.000000	0.000000	0.000000	0.000859	0.000000
							38c0ea0e4e612441c3050e03d799f5f5	0.000000	0.006421	0.150570	0.005236	0.000000	0.000000	0.000902	0.012213	0.001152
							3abf5500820581a69350525efea206b4	0.000000	0.000000	0.000000	0.000000	0.000000	0.001633	0.006602	0.000000	0.001755
							3c04c970deb9fbc08d4208741823a1e7	0.002038	0.004661	0.057400	0.061609	0.001040	0.001386	0.001095	0.048088	0.006690
							3c9e7ca5c233d4f1df1102e2e740a9d0	0.000000	0.000000	0.000269	0.000000	0.000000	0.000000	0.000000	0.000000	0.000000
							3d27dcd550a5b5174feb9e3fefb0ec5d	0.000000	0.000000	0.000000	0.000000	0.000020	0.000000	0.000000	0.000000	0.000000
							3efc355d5c2c8f6808e4580a555a9abc	0.000408	0.002675	0.000000	0.000000	0.000000	0.001856	0.001240	0.002194	0.003825
							3f5c7012c05282b77ffb6c6f71aea3d8	0.000611	0.000000	0.000758	0.000000	0.000228	0.002524	0.000644	0.000000	0.003126
							4440c2df619aae208bb7ae61a9e6aacf	0.000000	0.000000	0.000000	0.000000	0.000640	0.000000	0.000000	0.000000	0.000000
							44e9ba808d2be833bc38b942bfdde55e	0.000000	0.007086	0.000000	0.000325	0.000065	0.000247	0.001846	0.010623	0.006361
							45595d8707ccbc6f0558d4b4a85fc3e6	0.000000	0.000000	0.006284	0.000976	0.000000	0.000000	0.000000	0.000000	0.000000
							458a5b07e8d014f69fe7963df3b1b6e9	0.000000	0.000000	0.000000	0.000000	0.000000	0.033248	0.048787	0.000000	0.000000
							4673b4bc52297c70c6a2d2310bda0674	0.002976	0.060150	0.019352	0.011014	0.001541	0.001899	0.002289	0.098731	0.016700
							46e3527fd8ec186bdd2747136ccf1ee1	0.000178	0.000000	0.000000	0.004925	0.000387	0.043557	0.056485	0.000000	0.000823
							48d826de32fe200f6e3836d411032abb	0.003044	0.074765	0.006167	0.004470	0.000196	0.009577	0.026263	0.064498	0.051000
							49276a5be4f896bbdc947407a67f6c39	0.000000	0.002568	0.000000	0.006271	0.000000	0.000000	0.001159	0.024807	0.018206
							4a98cacaa7f995ee550200d195150911	0.362370	0.023634	0.007761	0.003794	0.257950	0.088555	0.039418	0.014580	0.064919
							5097d41d43c701fc2f3d95efe6df8afb	0.000255	0.000000	0.000000	0.000000	0.000000	0.000000	0.000000	0.000000	0.000000
							5168516ea56988c803c45954e2c0fd49	0.000000	0.000642	0.000000	0.000000	0.001258	0.007053	0.002158	0.001336	0.007732
							5177fd90eafb16a5a1a48fe7b97a6bc3	0.000000	0.000000	0.000000	0.000000	0.000148	0.000000	0.000000	0.000000	0.000000
							51b6539655a2a3c101c35d3f01133cf4	0.000000	0.000000	0.000508	0.001985	0.000000	0.000000	0.000000	0.000000	0.000000
							5445b63aae8c0e283a9bd5892769b63f	0.001044	0.025397	0.000650	0.000000	0.000381	0.048852	0.107000	0.005248	0.025911
							556c1a17802beafc3104a3f342117e5a	0.023469	0.001573	0.000000	0.088628	0.001077	0.000000	0.003188	0.000000	0.002468
							5625dfc45e2e288209837c8953a5d43d	0.000306	0.020118	0.000000	0.005147	0.000000	0.006979	0.005121	0.048278	0.075677
							59c8ef9e47a0882504a6efb3c31aeef1	0.000000	0.002340	0.000000	0.000319	0.000000	0.000000	0.000000	0.006870	0.001250
							5d63905f77df19eb65945c7bda735911	0.000000	0.007919	0.000000	0.005923	0.000000	0.000000	0.001175	0.006202	0.011845
							5e44518ec2671047885700e49f18b311	0.000000	0.000000	0.000000	0.000000	0.000000	0.000000	0.001100	0.000000	0.000000
							5f8f12201f6d2a891ffad6211c7c12a6	0.000000	0.000000	0.003872	0.008695	0.000000	0.007306	0.000000	0.005118	0.000264
							617c26bf6bf2a012eafa3db203370472	0.000000	0.000000	0.000000	0.000000	0.001461	0.000000	0.000000	0.000000	0.000000
							62ebe2834b4a45404fa8cd497479e0a8	0.000183	0.003139	0.000000	0.017854	0.000000	0.000713	0.001494	0.001908	0.000000
							633a42cff7d360debdf1b6d1371a3bf0	0.000000	0.000000	0.000000	0.000000	0.000000	0.009996	0.004577	0.000000	0.000000
							635909c7712406581ca82ddaae5184c3	0.000000	0.000000	0.000000	0.000000	0.000165	0.000000	0.000000	0.000000	0.000000
							648238540e8f5877d595538cf0e0a2c1	0.003104	0.004566	0.052383	0.082886	0.000075	0.003089	0.000863	0.003817	0.002632
							64ebb227fa82d7e77714dbf1ebf7755b	0.000459	0.015571	0.006383	0.002754	0.000384	0.000149	0.002267	0.020765	0.002088
							6877286fef1eef023853a433f575e8e7	0.000000	0.000000	0.000578	0.000000	0.000000	0.000000	0.000000	0.000000	0.000000
							68d312a77fbefcec3dad9b00e9411427	0.002853	0.002640	0.014374	0.131950	0.002641	0.005346	0.002834	0.004675	0.003455
							6b08ce80fe636e53db1fe237660e34e9	0.000000	0.000000	0.000002	0.003451	0.000000	0.000000	0.000000	0.000000	0.000000
							6b1bf6da19d77bb652cf57a602612014	0.000000	0.000000	0.000000	0.027162	0.000000	0.000000	0.000000	0.018085	0.008390
							6b5f2296f53da4359b22b31f262de77a	0.001299	0.000785	0.000488	0.002218	0.000148	0.010023	0.008582	0.001050	0.001398
							6b8aa09cb6ce73719c7ca5702106deca	0.000000	0.000000	0.000000	0.000000	0.000524	0.000000	0.000000	0.000000	0.000000
							6bce49baf840d66d3051e5eed9c1be57	0.000000	0.001712	0.000144	0.000456	0.000000	0.000000	0.000000	0.000436	0.000282
							6f1b9c60070786b498100f5087f558d6	0.000678	0.000000	0.000000	0.000000	0.000000	0.000000	0.000000	0.000000	0.000000
							720c65a67a3307dc552efc34b05c04b0	0.000000	0.043660	0.001264	0.002662	0.000467	0.030291	0.093168	0.076139	0.022538
							73df6d21761e00273f7398a7331e264a	0.000000	0.000000	0.000000	0.002766	0.000000	0.000000	0.000000	0.000000	0.000000
							768d37c8f16430521b77b40698a9726e	0.000000	0.000000	0.000000	0.000000	0.000000	0.000000	0.000000	0.000000	0.000000
							77d1cbcab409aa48bd8de4df348aab8e	0.000000	0.000000	0.003908	0.000000	0.000000	0.000000	0.000000	0.000000	0.000000
							790ef7ec96438ca9ec1cd1b41d7b52dd	0.000102	0.000000	0.000000	0.000111	0.000105	0.005531	0.013971	0.000000	0.001193
							7dee9214d18d6a60fb53c9f21c9ae687	0.000000	0.001046	0.000253	0.000000	0.000000	0.000000	0.000000	0.000000	0.000000
							7e90b97335086762cf0b3dc70e3a6eaf	0.000652	0.001712	0.000000	0.000000	0.000000	0.000594	0.003311	0.012671	0.011648
							812869c33b996a115459546fb008b691	0.000000	0.000785	0.013074	0.000000	0.000000	0.000000	0.000000	0.000000	0.000000
							84167764c09a4f53431bb0ac18f98289	0.000000	0.000000	0.010666	0.000000	0.000000	0.000000	0.000000	0.000000	0.000000
							886c4fcf628f42f0e1aaed59d458e182	0.000000	0.000000	0.000000	0.000739	0.000463	0.056623	0.052236	0.001399	0.000000
							8a81e11eb12ad127953a23c1b54abea6	0.001885	0.007419	0.158660	0.000932	0.000216	0.000000	0.000000	0.010686	0.000000
							8e91a3709d157ec645b2c68728ef2577	0.000000	0.000685	0.000000	0.000160	0.000000	0.000000	0.000000	0.011220	0.001053
							8f2a52a448b384085549e064ff7dfdb3	0.000688	0.000000	0.000000	0.000355	0.000000	0.000000	0.000000	0.000000	0.000000
							97c3c050194bfdd0540db0060a2060ec	0.000000	0.000000	0.000000	0.000000	0.000000	0.000000	0.000000	0.002035	0.000000
							9aef980074f949542d125eb3ca87450e	0.000611	0.009845	0.102890	0.001952	0.000000	0.003415	0.000000	0.000000	0.000000
							9c31b787b3ab91bdf4f804ed2ee8bd83	0.000000	0.000000	0.000000	0.000000	0.000000	0.000000	0.000000	0.000000	0.002604
							a04aaec9f71c511b95037aa88cfb9d97	0.000000	0.000000	0.000000	0.000000	0.000000	0.000000	0.000000	0.001527	0.000000
							a2717911f7b0979519b1fe97c330e76e	0.000000	0.000000	0.000823	0.000000	0.000000	0.000000	0.000000	0.000000	0.000000
							a42d00952fecc12c74b72326230c957a	0.000000	0.000000	0.000000	0.000000	0.000000	0.000000	0.000000	0.000000	0.001974
							acf0611ae1c1303d6d3f4a20a5470180	0.000000	0.000000	0.000000	0.000000	0.000000	0.000000	0.000000	0.000000	0.000823
							b16162ab13b73f03eba57cae9526dadc	0.000764	0.034989	0.001084	0.007027	0.000072	0.001402	0.001857	0.060999	0.050087
							b350db0b8331c9fec1a6726bd675e77b	0.000000	0.000000	0.000000	0.000000	0.000000	0.000000	0.000494	0.000000	0.000000
							b4b960e343ebceb1ca5a0e3c62570613	0.000000	0.002140	0.002456	0.000000	0.000000	0.000000	0.000547	0.002099	0.004113
							b64ea58480e0d4ba87d5b84bcb53228f	0.000001	0.000000	0.000000	0.000000	0.000000	0.000000	0.022430	0.000000	0.000000
							b6b5dcbaa00d9c0799cf61ab66c9cc25	0.000119	0.000000	0.001806	0.006759	0.000057	0.000495	0.000000	0.000000	0.000000
							b9d098d2aa149ee3929d213d249816df	0.000815	0.007990	0.168230	0.006744	0.000000	0.000000	0.000000	0.000000	0.000000
							ba2397ff4bafca358d4fd21d17eb7f62	0.000000	0.000642	0.000000	0.000000	0.000000	0.000000	0.000000	0.000286	0.000658
							babcce096b517aa62ff28058976acf9c	0.000000	0.001141	0.000000	0.000000	0.000000	0.000000	0.000000	0.001908	0.001711
							c025e12e2a43f5cf7e3c601bfec0a3f3	0.000000	0.000000	0.000000	0.000000	0.000000	0.001114	0.000757	0.000000	0.000000
							c03fdf06fc2f3f3fe9fac1a8f96143d1	0.000000	0.000000	0.000000	0.000000	0.000142	0.000000	0.000000	0.000000	0.000000
							c15897513c1e966a541e569ea2a9059e	0.000000	0.003230	0.006119	0.000000	0.000729	0.000000	0.001027	0.003944	0.004160
							c61bd254a713e012e92a61c4056734b7	0.000000	0.000000	0.000000	0.000000	0.000000	0.003564	0.001385	0.000000	0.000000
							ca9a7a962fd5ffa068f0ea193bcccbaf	0.000000	0.002854	0.000000	0.000000	0.000000	0.000000	0.000000	0.003053	0.004113
							cdaa6b136738f757e45d2115a8591241	0.002038	0.001284	0.009426	0.032833	0.000000	0.000000	0.000000	0.000000	0.000000
							cdc68057476006b986e5cb41fc282054	0.000000	0.001783	0.000000	0.000000	0.000000	0.000000	0.000000	0.000000	0.003290
							d2178c43c603bc740bd3bfb5fe07bc98	0.002598	0.000000	0.000000	0.015818	0.000000	0.000000	0.006087	0.000000	0.000000
							d2f6822dafea265c8157ac12afdb4c27	0.010444	0.346570	0.008921	0.077824	0.001036	0.065631	0.105730	0.147320	0.224560
							d80bf6a704352d59b153e58e23b72f31	0.000000	0.000000	0.001880	0.000000	0.000000	0.000000	0.000000	0.000000	0.000000
							db19e4fb99dfb993f94f85fdcbe767a9	0.000000	0.000000	0.000000	0.000000	0.000000	0.000000	0.000000	0.001717	0.000000
							db9bbb22e690ce5a64b27020c203b87a	0.000000	0.000000	0.000000	0.000000	0.000000	0.000000	0.001138	0.000000	0.000000
							dd7086816805a1b1b1e457d9a4a09be5	0.000000	0.000000	0.000000	0.000000	0.000000	0.000000	0.000000	0.001717	0.006910
							de85dcb3201a3bf4843de9051ec6ccfe	0.004313	0.007039	0.000253	0.003269	0.002649	0.021085	0.003081	0.004771	0.001974
							df11ce7b1380e13ce06f35191546f08e	0.000000	0.000000	0.000000	0.000100	0.000000	0.000000	0.000000	0.000000	0.000000
							e2875a9a3a22215fa6bfba1036f5d930	0.000000	0.000000	0.000000	0.005280	0.000000	0.002376	0.000000	0.003435	0.000000
							e3d295b610be62b275b451c659a498b3	0.000420	0.010380	0.000099	0.000677	0.000074	0.005049	0.012697	0.004341	0.016904
							e476ab04a9d33dfc86c7fb0777f5e1e6	0.005502	0.000003	0.000882	0.121440	0.000000	0.004900	0.000002	0.000000	0.000006
							e4ac8aa9b72960b61dd7656be28f37ab	0.000000	0.000000	0.000000	0.000118	0.000000	0.000000	0.000000	0.000000	0.000000
							e5ecd94ee8a75ea9c4b7ae4082a828c9	0.000153	0.000000	0.000000	0.000311	0.000000	0.000000	0.000000	0.000000	0.000000
							e6d179fc2d0311f7f3054702048fe950	0.000000	0.000000	0.000000	0.000000	0.000000	0.000000	0.000000	0.000000	0.000658
							e84389038f2300deb5b7328e23d10412	0.000000	0.000000	0.000000	0.001213	0.000000	0.000000	0.000000	0.001527	0.000000
							e8e35a359ec9c194a0c6aef8588ed15a	0.000000	0.000000	0.000000	0.000000	0.000000	0.000000	0.000000	0.000572	0.000000
							e9a839d1b54138ce322d25ea148119ab	0.000000	0.000464	0.000000	0.000000	0.000000	0.000000	0.000821	0.000000	0.000823
							ea22ef5326321b215485cc235fa65add	0.000000	0.000000	0.000000	0.003701	0.000000	0.000000	0.000000	0.000000	0.000000
							ed513e3584691412fa70ad01c100234b	0.000000	0.000000	0.000482	0.000000	0.000000	0.000000	0.000000	0.000000	0.000000
							ee9a38e231e4dec806fc4b6625da7c01	0.000000	0.000200	0.001770	0.001251	0.000000	0.000000	0.000000	0.000649	0.000000
							eed2b7209fd462457cd268cf035dbd1a	0.005547	0.000000	0.000000	0.005768	0.000379	0.002475	0.031002	0.002290	0.000932
							ef8843cdf0a23c434e0303cf2b6a4046	0.024372	0.000000	0.000000	0.000000	0.023274	0.002305	0.001949	0.000973	0.000000
							f14ff7e48ce96a2400b4818cf09c8c26	0.000000	0.002354	0.000000	0.000000	0.000000	0.000000	0.000000	0.012404	0.004031
							f2282dc6229f893e58239b1b0aaa645d	0.000000	0.000000	0.005038	0.008053	0.000000	0.004826	0.000805	0.002194	0.001727
							f51393e810f66a25f45a747f575c59f7	0.000000	0.000000	0.000000	0.000000	0.000000	0.001930	0.000000	0.000000	0.000000
							f6dd7bdc6f5f6169de9a416fe503f312	0.004101	0.000642	0.006627	0.052334	0.000114	0.000000	0.000000	0.003626	0.000823
							fd80931ecd9e818761329e29df91dd27	0.002955	0.113050	0.023548	0.028834	0.001696	0.083994	0.100960	0.132820	0.068871
							fd94230b40774faaa1703596522c6846	0.000000	0.000000	0.000000	0.000000	0.000000	0.000000	0.000000	0.001590	0.000000
							fe88df2860d4c50f9c377a3b651303e8	0.000000	0.000000	0.000000	0.000000	0.000000	0.000000	0.000000	0.000000	0.001645
							fef05da1fb8cf666362ca6ab827377d1	0.000000	0.000856	0.000506	0.001353	0.000074	0.000965	0.001497	0.000000	0.000000
